9
19
74 387
152 387
150 367
280 367
280 372
477 381
477 489
468 496
452 496
440 488
441 445
284 445
284 460
244 459
185 477
148 475
150 456
73 454
74 387
5
87 456
87 434
96 434
96 456
87 456
3
151 387
151 454
151 387
23
169 409
169 435
207 435
225 514
215 520
216 525
223 523
227 530
221 539
227 530
231 530
227 543
231 530
238 530
239 542
238 530
245 529
245 540
245 529
251 523
246 509
230 410
169 409
3
287 372
296 445
287 372
3
396 373
368 445
396 373
3
207 436
230 412
207 436
3
246 509
224 509
246 509
3
407 373
407 446
407 373